00000001000000010001001011010101001111100111110000000000000000000000000000000000000000000000000000000000000000000000000100000010
00010100000000010000001000000011000000010000000100010010110101010011111001111101000000000000000000000000000000000000000000000000
00000000000000000000000100000011000101010001001000100000000100110001010000000001000000010001001011010101001111100111111000000000
00000000000000000000000000000000000000000000000000000000000000010000001100010110000000010001001000010011000101000000000100000001
00010010110101010011111001111111000000000000000000000000000000000000000000000000000000000000000000000001000000110001011100000001
00010010000101010001010000000001000000010001001011010101001111101000101000000000000000000000000000000000000000000000000000000000
00000000000000010000001000010100000000010000001000000011000000010000000100010010110101010011111010001011000000000000000000000000
00000000000000000000000000000000000000000000000100000011000101010001001000100000000100110001010000000001000000010001001011010101
00111110100011000000000000000000000000000000000000000000000000000000000000000000000000010000001100010110000000010001001000010011
00010100000000010000000100010010110101010011111010001101000000000000000000000000000000000000000000000000000000000000000000000001
00000011000101110000000100010010000101010001010000000001000000010001001011010101001111101000111000000000000000000000000000000000
00000000000000000000000000000000000000100000001000010100000000010000001000000011000000110001010100010010001000000001001100010100
00000001000000010001001011010101001111100111111100000000000000000000000000000000000000000000000000000000000000000000001000000011
0001011000000001000100100001001100010100000000110001011100000001000100100001010100010100